76561199781565727
76561198403252142
76561199777011997
76561199115475689
76561199181022788
76561198643232627
76561199712338264
76561198670679348
76561198738513717
76561198739537066
76561198739550440
76561198740028344
76561198737913353
76561198741903457
76561198642741662
76561198645588519
76561198645436132
76561198647132421
76561198648445185
76561199852128595
76561199851814198
76561199852375216
76561199852053397
76561199851822360
76561198641622610
76561198674024384
76561199858123318
76561198149548655
76561198082766809
76561198096743313
76561199187352549
76561198973008200
76561199793198788
76561198985843643
76561199777526066
76561199860335010
76561199859884107
76561199860403922
76561199860964304
76561199317164213
76561199860253324
76561199859954204
76561199859517039
76561199663598399
76561199804553786
76561199317119221
76561199614357721
76561198272826606